Número de componentes conexas: 10
Componente 1: tamanho = 25000
Vértices: 2 3212 859 21828 ... 38514 12845 21992 10023 19110 41021 36802 48061 44862 43313 31181 11024 10440 27968 12646 27458 15671 14088 41161 2620 

Componente 2: tamanho = 12500
Vértices: 3 48042 38775 17377 2598 24223 ... 41342 34003 37098 43370 10841 8355 19830 

Componente 3: tamanho = 6250
Vértices: 17 20290 43504 34941 ...42423 45121 2728 28224 44002 8751 40613 4399 41647 11532 24345 11858 47828 16969 9218 3475 33446 

Componente 4: tamanho = 3125
Vértices: 1 27703 4943 40955 40739 12012 ... 39981 22998 45833 42007 8110 31530 19418 6392 42880 42216 12464 1585 29579 38948 18951 12891 21758 22668 17171 24038 25786 

Componente 5: tamanho = 1562
Vértices: 16 40880 5999 10311 16936 26504 44230 ... 17265 26212 39748 22739 11016 

Componente 6: tamanho = 781
Vértices: 19 11083 28067 ... 17634 6524 27571 23456 32956 1139 29694 27277 27592 40757 48314 40227 21833 9167 27815 40108 8106 44409 8949 

Componente 8: tamanho = 195
Vértices: 496 3138 ... 36850 41725 9236 28849 26706 6022 15906 12917 38917 14184 17250 5191 46747 1244 38284 6346 9811 20676 2139 

Componente 9: tamanho = 97
Vértices: 376 5186 20698 ... 8195 27137 6589 22974 47761 

Componente 10: tamanho = 48
Vértices: 764 39688 27166 ... 18880 41183 
